     1        0   0.000
     2    19912   0.010
     3    39823   0.020
     4    59734   0.030
     5    79645   0.040
     6    99556   0.050
     7   119467   0.060
     8   139378   0.070
     9   159289   0.080
    10   179200   0.090
    11   199111   0.100
    12   219022   0.110
    13   238933   0.120
    14   258844   0.130
    15   278755   0.140
    16   298666   0.150
    17   318577   0.160
    18   338488   0.170
    19   358399   0.180
    20   378310   0.190
    21   398221   0.200
    22   418132   0.210
    23   438043   0.220
    24   457954   0.230
    25   477865   0.240
    26   497776   0.250
    27   517687   0.260
    28   537598   0.270
    29   557509   0.280
    30   577420   0.290
    31   597331   0.300
    32   617242   0.310
    33   637153   0.320
    34   657064   0.330
    35   676975   0.340
    36   696886   0.350
    37   716797   0.360
    38   736708   0.370
    39   756619   0.380
    40   776530   0.390
    41   796441   0.400
    42   816352   0.410
    43   836263   0.420
    44   856174   0.430
    45   876085   0.440
    46   895996   0.450
    47   915907   0.460
    48   935818   0.470
    49   955729   0.480
    50   975640   0.490
    51   995551   0.500
    52  1015462   0.510
    53  1035373   0.520
    54  1055284   0.530
    55  1075195   0.540
    56  1095106   0.550
    57  1115017   0.560
    58  1134928   0.570
    59  1154839   0.580
    60  1174750   0.590
    61  1194661   0.600
    62  1214572   0.610
    63  1234483   0.620
    64  1254394   0.630
    65  1274305   0.640
    66  1294216   0.650
    67  1314127   0.660
    68  1334038   0.670
    69  1353949   0.680
    70  1373860   0.690
    71  1393771   0.700
    72  1413682   0.710
    73  1433593   0.720
    74  1453504   0.730
    75  1473415   0.740
    76  1493326   0.750
    77  1513237   0.760
    78  1533148   0.770
    79  1553059   0.780
    80  1572970   0.790
    81  1592881   0.800
    82  1612792   0.810
    83  1632703   0.820
    84  1652614   0.830
    85  1672525   0.840
    86  1692436   0.850
    87  1712347   0.860
    88  1732258   0.870
    89  1752169   0.880
    90  1772080   0.890
    91  1791991   0.900
    92  1811902   0.910
    93  1831813   0.920
    94  1851724   0.930
    95  1871635   0.940
    96  1891546   0.950
    97  1911457   0.960
    98  1931368   0.970
    99  1951279   0.980
   100  1971190   0.990
   101  1991101   1.000
   102  2011012   1.010
   103  2030923   1.020
   104  2050834   1.030
   105  2070745   1.040
   106  2090656   1.050
   107  2110567   1.060
   108  2130478   1.070
   109  2150389   1.080
   110  2170300   1.090
   111  2190211   1.100
   112  2210122   1.110
   113  2230033   1.120
   114  2249944   1.130
   115  2269855   1.140
   116  2289766   1.150
   117  2309677   1.160
   118  2329588   1.170
   119  2349499   1.180
   120  2369410   1.190
   121  2389321   1.200
   122  2409232   1.210
   123  2429143   1.220
   124  2449054   1.230
   125  2468965   1.240
   126  2488876   1.250
   127  2508787   1.260
   128  2528698   1.270
   129  2548609   1.280
   130  2568520   1.290
   131  2588431   1.300
   132  2608342   1.310
   133  2628253   1.320
   134  2648164   1.330
   135  2668075   1.340
   136  2687986   1.350
   137  2707897   1.360
   138  2727808   1.370
   139  2747719   1.380
   140  2767630   1.390
   141  2787541   1.400
   142  2807452   1.410
   143  2827363   1.420
   144  2847274   1.430
   145  2867185   1.440
   146  2887096   1.450
   147  2907007   1.460
   148  2926918   1.470
   149  2946829   1.480
   150  2966740   1.490
   151  2986651   1.500
   152  3006562   1.510
   153  3026473   1.520
   154  3046384   1.530
   155  3066295   1.540
   156  3086206   1.550
   157  3106117   1.560
   158  3126028   1.570
   159  3145939   1.580
   160  3165850   1.590
   161  3185761   1.600
   162  3205672   1.610
   163  3225583   1.620
   164  3245494   1.630
   165  3265405   1.640
   166  3285316   1.650
   167  3305227   1.660
   168  3325138   1.670
   169  3345049   1.680
   170  3364960   1.690
   171  3384871   1.700
   172  3404782   1.710
   173  3424693   1.720
   174  3444604   1.730
   175  3464515   1.740
