     1        0   180000   0.000
     2    19912   180361   0.010
     3    39823   180960   0.020
     4    59734   181500   0.030
     5    79645   182047   0.040
     6    99556   182615   0.050
     7   119467   183210   0.060
     8   139378   183770   0.070
     9   159289   184335   0.080
    10   179200   184936   0.090
    11   199111   185544   0.100
    12   219022   186177   0.110
    13   238933   186764   0.120
    14   258844   187371   0.130
    15   278755   188014   0.140
    16   298666   188629   0.150
    17   318577   189323   0.160
    18   338488   189952   0.170
    19   358399   190561   0.180
    20   378310   191200   0.190
    21   398221   191821   0.200
    22   418132   192497   0.210
    23   438043   193151   0.220
    24   457954   193772   0.230
    25   477865   194479   0.240
    26   497776   195114   0.250
    27   517687   195776   0.260
    28   537598   196442   0.270
    29   557509   197039   0.280
    30   577420   197734   0.290
    31   597331   198363   0.300
    32   617242   199070   0.310
    33   637153   199728   0.320
    34   657064   200351   0.330
    35   676975   201108   0.340
    36   696886   201738   0.350
    37   716797   202458   0.360
    38   736708   203128   0.370
    39   756619   203749   0.380
    40   776530   204489   0.390
    41   796441   205138   0.400
    42   816352   205868   0.410
    43   836263   206545   0.420
    44   856174   207175   0.430
    45   876085   207943   0.440
    46   895996   208582   0.450
    47   915907   209255   0.460
    48   935818   209972   0.470
    49   955729   210593   0.480
    50   975640   211340   0.490
    51   995551   211988   0.500
    52  1015462   212700   0.510
    53  1035373   213438   0.520
    54  1055284   214078   0.530
    55  1075195   214864   0.540
    56  1095106   215511   0.550
    57  1115017   216260   0.560
    58  1134928   216977   0.570
    59  1154839   217595   0.580
    60  1174750   218398   0.590
    61  1194661   219051   0.600
    62  1214572   219805   0.610
    63  1234483   220545   0.620
    64  1254394   221187   0.630
    65  1274305   221977   0.640
    66  1294216   222652   0.650
    67  1314127   223417   0.660
    68  1334038   224150   0.670
    69  1353949   224818   0.680
    70  1373860   225613   0.690
    71  1393771   226281   0.700
    72  1413682   227019   0.710
    73  1433593   227765   0.720
    74  1453504   228419   0.730
    75  1473415   229201   0.740
    76  1493326   229835   0.750
    77  1513237   230617   0.760
    78  1533148   231367   0.770
    79  1553059   232026   0.780
    80  1572970   232834   0.790
    81  1592881   233499   0.800
    82  1612792   234290   0.810
    83  1632703   235057   0.820
    84  1652614   235710   0.830
    85  1672525   236507   0.840
    86  1692436   237170   0.850
    87  1712347   237902   0.860
    88  1732258   238674   0.870
    89  1752169   239325   0.880
    90  1772080   240130   0.890
    91  1791991   240796   0.900
    92  1811902   241540   0.910
    93  1831813   242277   0.920
    94  1851724   242953   0.930
    95  1871635   243739   0.940
    96  1891546   244125   0.950
    97  1911457   244871   0.960
    98  1931368   245523   0.970
    99  1951279   246254   0.980
   100  1971190   246943   0.990
   101  1991101   247740   1.000
   102  2011012   248511   1.010
   103  2030923   249158   1.020
   104  2050834   249865   1.030
   105  2070745   250519   1.040
   106  2090656   251343   1.050
   107  2110567   252067   1.060
   108  2130478   252726   1.070
   109  2150389   253449   1.080
   110  2170300   254185   1.090
   111  2190211   254990   1.100
   112  2210122   255737   1.110
   113  2230033   256355   1.120
   114  2249944   257066   1.130
   115  2269855   257752   1.140
   116  2289766   258550   1.150
   117  2309677   259272   1.160
   118  2329588   259898   1.170
   119  2349499   260623   1.180
   120  2369410   261279   1.190
   121  2389321   262104   1.200
   122  2409232   262853   1.210
   123  2429143   263506   1.220
   124  2449054   264217   1.230
   125  2468965   264902   1.240
   126  2488876   265716   1.250
   127  2508787   266445   1.260
   128  2528698   267081   1.270
   129  2548609   267814   1.280
   130  2568520   268489   1.290
   131  2588431   269329   1.300
   132  2608342   270064   1.310
   133  2628253   270722   1.320
   134  2648164   271466   1.330
   135  2668075   272138   1.340
   136  2687986   273012   1.350
   137  2707897   273772   1.360
   138  2727808   274401   1.370
   139  2747719   275120   1.380
   140  2767630   275780   1.390
   141  2787541   276590   1.400
   142  2807452   277363   1.410
   143  2827363   278023   1.420
   144  2847274   278737   1.430
   145  2867185   279409   1.440
   146  2887096   280211   1.450
   147  2907007   280955   1.460
   148  2926918   281607   1.470
   149  2946829   282346   1.480
   150  2966740   283032   1.490
   151  2986651   283885   1.500
   152  3006562   284615   1.510
   153  3026473   285295   1.520
   154  3046384   286029   1.530
   155  3066295   286723   1.540
   156  3086206   287556   1.550
   157  3106117   288301   1.560
   158  3126028   288952   1.570
   159  3145939   289663   1.580
   160  3165850   290330   1.590
   161  3185761   291198   1.600
   162  3205672   291969   1.610
   163  3225583   292636   1.620
   164  3245494   293372   1.630
   165  3265405   294061   1.640
   166  3285316   294894   1.650
   167  3305227   295678   1.660
   168  3325138   296346   1.670
   169  3345049   297042   1.680
   170  3364960   297710   1.690
   171  3384871   298590   1.700
   172  3404782   299350   1.710
   173  3424693   299998   1.720
   174  3444604   300721   1.730
   175  3464515   301390   1.740
