     1    12050     1993   0.001
     2    12050     3985   0.002
     3    12050     5977   0.003
     4    12050     7969   0.004
     5    12050     9961   0.005
     6    12050    11953   0.006
     7    12050    13945   0.007
     8    12050    15937   0.008
     9    12050    17929   0.009
    10    12050    19921   0.010
    11    12050    21913   0.011
    12    12050    23905   0.012
    13    12050    25897   0.013
    14    12050    27889   0.014
    15    12050    29881   0.015
    16    12050    31873   0.016
    17    12050    33865   0.017
    18    12050    35857   0.018
    19    12050    37849   0.019
    20    12050    39841   0.020
    21    12050    41833   0.021
    22    12050    43825   0.022
    23    12050    45817   0.023
    24    12050    47809   0.024
    25    12050    49801   0.025
    26    12050    51793   0.026
    27    12050    53785   0.027
    28    12050    55777   0.028
    29    12050    57769   0.029
    30    12050    59761   0.030
    31    12050    61753   0.031
    32    12050    63745   0.032
    33    12050    65737   0.033
    34    12050    67729   0.034
    35    12050    69721   0.035
    36    12050    71713   0.036
    37    12050    73705   0.037
    38    12050    75697   0.038
    39    12050    77689   0.039
    40    12050    79681   0.040
    41    12050    81673   0.041
    42    12050    83665   0.042
    43    12050    85657   0.043
    44    12050    87649   0.044
    45    12050    89641   0.045
    46    12050    91633   0.046
    47    12050    93625   0.047
    48    12050    95617   0.048
    49    12050    97609   0.049
    50    12050    99601   0.050
    51    12050   101593   0.051
    52    12050   103585   0.052
    53    12050   105577   0.053
    54    12050   107569   0.054
    55    12050   109561   0.055
    56    12050   111553   0.056
    57    12050   113545   0.057
    58    12050   115537   0.058
    59    12050   117529   0.059
    60    12050   119521   0.060
    61    12050   121513   0.061
    62    12050   123505   0.062
    63    12050   125497   0.063
    64    12050   127489   0.064
    65    12050   129481   0.065
    66    12050   131473   0.066
    67    12050   133465   0.067
    68    12050   135457   0.068
    69    12050   137449   0.069
    70    12050   139441   0.070
    71    12050   141433   0.071
    72    12050   143425   0.072
    73    12050   145417   0.073
    74    12050   147409   0.074
    75    12050   149401   0.075
    76    12050   151393   0.076
    77    12050   153385   0.077
    78    12050   155377   0.078
    79    12050   157369   0.079
    80    12050   159361   0.080
    81    12050   161353   0.081
    82    12050   163345   0.082
    83    12050   165337   0.083
    84    12050   167329   0.084
    85    12050   169321   0.085
    86    12050   171313   0.086
    87    12050   173305   0.087
    88    12050   175297   0.088
    89    12050   177289   0.089
    90    12050   179281   0.090
    91    12050   181273   0.091
    92    12050   183265   0.092
    93    12050   185257   0.093
    94    12050   187249   0.094
    95    12050   189241   0.095
    96    12050   191233   0.096
    97    12050   193225   0.097
    98    12050   195217   0.098
    99    12050   197209   0.099
   100    12050   199201   0.100
   101    12050   201193   0.101
   102    12050   203185   0.102
   103    12050   205177   0.103
   104    12050   207169   0.104
   105    12050   209161   0.105
   106    12050   211153   0.106
   107    12050   213145   0.107
   108    12050   215137   0.108
   109    12050   217129   0.109
   110    12050   219121   0.110
   111    12050   221113   0.111
   112    12050   223105   0.112
   113    12050   225097   0.113
   114    12050   227089   0.114
   115    12050   229081   0.115
   116    12050   231073   0.116
   117    12050   233065   0.117
   118    12050   235057   0.118
   119    12050   237049   0.119
   120    12050   239041   0.120
   121    12050   241033   0.121
   122    12050   243025   0.122
   123    12050   245017   0.123
   124    12050   247009   0.124
   125    12050   249001   0.125
   126    12050   250993   0.126
   127    12050   252985   0.127
   128    12050   254977   0.128
   129    12050   256969   0.129
   130    12050   258961   0.130
   131    12050   260953   0.131
   132    12050   262945   0.132
   133    12050   264937   0.133
   134    12050   266929   0.134
   135    12050   268921   0.135
   136    12050   270913   0.136
   137    12050   272905   0.137
   138    12050   274897   0.138
   139    12050   276889   0.139
   140    12050   278881   0.140
   141    12050   280873   0.141
   142    12050   282865   0.142
   143    12050   284857   0.143
   144    12050   286849   0.144
   145    12050   288841   0.145
   146    12050   290833   0.146
   147    12050   292825   0.147
   148    12050   294817   0.148
   149    12050   296809   0.149
   150    12050   298801   0.150
   151    12050   300793   0.151
   152    12050   302785   0.152
   153    12050   304777   0.153
   154    12050   306769   0.154
   155    12050   308761   0.155
   156    12050   310753   0.156
   157    12050   312745   0.157
   158    12050   314737   0.158
   159    12050   316729   0.159
   160    12050   318721   0.160
   161    12050   320713   0.161
   162    12050   322705   0.162
   163    12050   324697   0.163
   164    12050   326689   0.164
   165    12050   328681   0.165
   166    12050   330673   0.166
   167    12050   332665   0.167
   168    12050   334657   0.168
   169    12050   336649   0.169
   170    12050   338641   0.170
   171    12050   340633   0.171
   172    12050   342625   0.172
   173    12050   344617   0.173
   174    12050   346609   0.174
   175    12050   348601   0.175
   176    12050   350593   0.176
   177    12050   352585   0.177
   178    12050   354577   0.178
   179    12050   356569   0.179
   180    12050   358561   0.180
   181    12050   360553   0.181
   182    12050   362545   0.182
   183    12050   364537   0.183
   184    12050   366529   0.184
   185    12050   368521   0.185
   186    12050   370513   0.186
   187    12050   372505   0.187
   188    12050   374497   0.188
   189    12050   376489   0.189
   190    12050   378481   0.190
   191    12050   380473   0.191
   192    12050   382465   0.192
   193    12050   384457   0.193
   194    12050   386449   0.194
   195    12050   388441   0.195
   196    12050   390433   0.196
   197    12050   392425   0.197
   198    12050   394417   0.198
   199    12050   396409   0.199
   200    12050   398401   0.200
   201    12050   400393   0.201
   202    12050   402385   0.202
   203    12050   404377   0.203
   204    12050   406369   0.204
   205    12050   408361   0.205
   206    12050   410353   0.206
   207    12050   412345   0.207
   208    12050   414337   0.208
   209    12050   416329   0.209
   210    12050   418321   0.210
   211    12050   420313   0.211
   212    12050   422305   0.212
   213    12050   424297   0.213
   214    12050   426289   0.214
   215    12050   428281   0.215
   216    12050   430273   0.216
   217    12050   432265   0.217
   218    12050   434257   0.218
   219    12050   436249   0.219
   220    12050   438241   0.220
   221    12050   440233   0.221
   222    12050   442225   0.222
   223    12050   444217   0.223
   224    12050   446209   0.224
   225    12050   448201   0.225
   226    12050   450193   0.226
   227    12050   452185   0.227
   228    12050   454177   0.228
   229    12050   456169   0.229
   230    12050   458161   0.230
   231    12050   460153   0.231
   232    12050   462145   0.232
   233    12050   464137   0.233
   234    12050   466129   0.234
   235    12050   468121   0.235
   236    12050   470113   0.236
   237    12050   472105   0.237
   238    12050   474097   0.238
   239    12050   476089   0.239
   240    12050   478081   0.240
   241    12050   480073   0.241
   242    12050   482065   0.242
   243    12050   484057   0.243
   244    12050   486049   0.244
   245    12050   488041   0.245
   246    12050   490033   0.246
   247    12050   492025   0.247
   248    12050   494017   0.248
   249    12050   496009   0.249
   250    12050   498001   0.250
   251    12050   499993   0.251
   252    12050   501985   0.252
   253    12050   503977   0.253
   254    12050   505969   0.254
   255    12050   507961   0.255
   256    12050   509953   0.256
   257    12050   511945   0.257
   258    12050   513937   0.258
   259    12050   515929   0.259
   260    12050   517921   0.260
   261    12050   519913   0.261
   262    12050   521905   0.262
   263    12050   523897   0.263
   264    12050   525889   0.264
   265    12050   527881   0.265
   266    12050   529873   0.266
   267    12050   531865   0.267
   268    12050   533857   0.268
   269    12050   535849   0.269
   270    12050   537841   0.270
   271    12050   539833   0.271
   272    12050   541825   0.272
   273    12050   543817   0.273
   274    12050   545809   0.274
   275    12050   547801   0.275
   276    12050   549793   0.276
   277    12050   551785   0.277
   278    12050   553777   0.278
   279    12050   555769   0.279
   280    12050   557761   0.280
   281    12050   559753   0.281
   282    12050   561745   0.282
   283    12050   563737   0.283
   284    12050   565729   0.284
   285    12050   567721   0.285
   286    12050   569713   0.286
   287    12050   571705   0.287
   288    12050   573697   0.288
   289    12050   575689   0.289
   290    12050   577681   0.290
   291    12050   579673   0.291
   292    12050   581665   0.292
   293    12050   583657   0.293
   294    12050   585649   0.294
   295    12050   587641   0.295
   296    12050   589633   0.296
   297    12050   591625   0.297
   298    12050   593617   0.298
   299    12050   595609   0.299
   300    12050   597601   0.300
   301    12050   599593   0.301
   302    12050   601585   0.302
   303    12050   603577   0.303
   304    12050   605569   0.304
   305    12050   607561   0.305
   306    12050   609553   0.306
   307    12050   611545   0.307
   308    12050   613537   0.308
   309    12050   615529   0.309
   310    12050   617521   0.310
   311    12050   619513   0.311
   312    12050   621505   0.312
   313    12050   623497   0.313
   314    12050   625489   0.314
   315    12050   627481   0.315
   316    12050   629473   0.316
   317    12050   631465   0.317
   318    12050   633457   0.318
   319    12050   635449   0.319
   320    12050   637441   0.320
   321    12050   639433   0.321
   322    12050   641425   0.322
   323    12050   643417   0.323
   324    12050   645409   0.324
   325    12050   647401   0.325
   326    12050   649393   0.326
   327    12050   651385   0.327
   328    12050   653377   0.328
   329    12050   655369   0.329
   330    12050   657361   0.330
   331    12050   659353   0.331
   332    12050   661345   0.332
   333    12050   663337   0.333
   334    12050   665329   0.334
   335    12050   667321   0.335
   336    12050   669313   0.336
   337    12050   671305   0.337
   338    12050   673297   0.338
   339    12050   675289   0.339
   340    12050   677281   0.340
   341    12050   679273   0.341
   342    12050   681265   0.342
   343    12050   683257   0.343
   344    12050   685249   0.344
   345    12050   687241   0.345
   346    12050   689233   0.346
   347    12050   691225   0.347
   348    12050   693217   0.348
   349    12050   695209   0.349
   350    12050   697201   0.350
   351    12050   699193   0.351
   352    12050   701185   0.352
   353    12050   703177   0.353
   354    12050   705169   0.354
   355    12050   707161   0.355
   356    12050   709153   0.356
   357    12050   711145   0.357
   358    12050   713137   0.358
   359    12050   715129   0.359
   360    12050   717121   0.360
   361    12050   719113   0.361
   362    12050   721105   0.362
   363    12050   723097   0.363
   364    12050   725089   0.364
   365    12050   727081   0.365
   366    12050   729073   0.366
   367    12050   731065   0.367
   368    12050   733057   0.368
   369    12050   735049   0.369
   370    12050   737041   0.370
   371    12050   739033   0.371
   372    12050   741025   0.372
   373    12050   743017   0.373
   374    12050   745009   0.374
   375    12050   747001   0.375
   376    12050   748993   0.376
   377    12050   750985   0.377
   378    12050   752977   0.378
   379    12050   754969   0.379
   380    12050   756961   0.380
   381    12050   758953   0.381
   382    12050   760945   0.382
   383    12050   762937   0.383
   384    12050   764929   0.384
   385    12050   766921   0.385
   386    12050   768913   0.386
   387    12050   770905   0.387
   388    12050   772897   0.388
   389    12050   774889   0.389
   390    12050   776881   0.390
   391    12050   778873   0.391
   392    12050   780865   0.392
   393    12050   782857   0.393
   394    12050   784849   0.394
   395    12050   786841   0.395
   396    12050   788833   0.396
   397    12050   790825   0.397
   398    12050   792817   0.398
   399    12050   794809   0.399
   400    12050   796801   0.400
   401    12050   798793   0.401
   402    12050   800785   0.402
   403    12050   802777   0.403
   404    12050   804769   0.404
   405    12050   806761   0.405
   406    12050   808753   0.406
   407    12050   810745   0.407
   408    12050   812737   0.408
   409    12050   814729   0.409
   410    12050   816721   0.410
   411    12050   818713   0.411
   412    12050   820705   0.412
   413    12050   822697   0.413
   414    12050   824689   0.414
   415    12050   826681   0.415
   416    12050   828673   0.416
   417    12050   830665   0.417
   418    12050   832657   0.418
   419    12050   834649   0.419
   420    12050   836641   0.420
   421    12050   838633   0.421
   422    12050   840625   0.422
   423    12050   842617   0.423
   424    12050   844609   0.424
   425    12050   846601   0.425
   426    12050   848593   0.426
   427    12050   850585   0.427
   428    12050   852577   0.428
   429    12050   854569   0.429
   430    12050   856561   0.430
   431    12050   858553   0.431
   432    12050   860545   0.432
   433    12050   862537   0.433
   434    12050   864529   0.434
   435    12050   866521   0.435
   436    12050   868513   0.436
   437    12050   870505   0.437
   438    12050   872497   0.438
   439    12050   874489   0.439
   440    12050   876481   0.440
   441    12050   878473   0.441
   442    12050   880465   0.442
   443    12050   882457   0.443
   444    12050   884449   0.444
   445    12050   886441   0.445
   446    12050   888433   0.446
   447    12050   890425   0.447
   448    12050   892417   0.448
   449    12050   894409   0.449
   450    12050   896401   0.450
   451    12050   898393   0.451
   452    12050   900385   0.452
   453    12050   902377   0.453
   454    12050   904369   0.454
   455    12050   906361   0.455
   456    12050   908353   0.456
   457    12050   910345   0.457
   458    12050   912337   0.458
   459    12050   914329   0.459
   460    12050   916321   0.460
   461    12050   918313   0.461
   462    12050   920305   0.462
   463    12050   922297   0.463
   464    12050   924289   0.464
   465    12050   926281   0.465
   466    12050   928273   0.466
   467    12050   930265   0.467
   468    12050   932257   0.468
   469    12050   934249   0.469
   470    12050   936241   0.470
   471    12050   938233   0.471
   472    12050   940225   0.472
   473    12050   942217   0.473
   474    12050   944209   0.474
   475    12050   946201   0.475
   476    12050   948193   0.476
   477    12050   950185   0.477
   478    12050   952177   0.478
   479    12050   954169   0.479
   480    12050   956161   0.480
   481    12050   958153   0.481
   482    12050   960145   0.482
   483    12050   962137   0.483
   484    12050   964129   0.484
   485    12050   966121   0.485
   486    12050   968113   0.486
   487    12050   970105   0.487
   488    12050   972097   0.488
   489    12050   974089   0.489
   490    12050   976081   0.490
   491    12050   978073   0.491
   492    12050   980065   0.492
   493    12050   982057   0.493
   494    12050   984049   0.494
   495    12050   986041   0.495
   496    12050   988033   0.496
   497    12050   990025   0.497
   498    12050   992017   0.498
   499    12050   994009   0.499
   500    12050   996001   0.500
   501    12050   997993   0.501
   502    12050   999985   0.502
   503    12050  1001977   0.503
   504    12050  1003969   0.504
   505    12050  1005961   0.505
   506    12050  1007953   0.506
   507    12050  1009945   0.507
   508    12050  1011937   0.508
   509    12050  1013929   0.509
   510    12050  1015921   0.510
   511    12050  1017913   0.511
   512    12050  1019905   0.512
   513    12050  1021897   0.513
   514    12050  1023889   0.514
   515    12050  1025881   0.515
   516    12050  1027873   0.516
   517    12050  1029865   0.517
   518    12050  1031857   0.518
   519    12050  1033849   0.519
   520    12050  1035841   0.520
   521    12050  1037833   0.521
   522    12050  1039825   0.522
   523    12050  1041817   0.523
   524    12050  1043809   0.524
   525    12050  1045801   0.525
   526    12050  1047793   0.526
   527    12050  1049785   0.527
   528    12050  1051777   0.528
   529    12050  1053769   0.529
   530    12050  1055761   0.530
   531    12050  1057753   0.531
   532    12050  1059745   0.532
   533    12050  1061737   0.533
   534    12050  1063729   0.534
   535    12050  1065721   0.535
   536    12050  1067713   0.536
   537    12050  1069705   0.537
   538    12050  1071697   0.538
   539    12050  1073689   0.539
   540    12050  1075681   0.540
   541    12050  1077673   0.541
   542    12050  1079665   0.542
   543    12050  1081657   0.543
   544    12050  1083649   0.544
   545    12050  1085641   0.545
   546    12050  1087633   0.546
   547    12050  1089625   0.547
   548    12050  1091617   0.548
   549    12050  1093609   0.549
   550    12050  1095601   0.550
   551    12050  1097593   0.551
   552    12050  1099585   0.552
   553    12050  1101577   0.553
   554    12050  1103569   0.554
   555    12050  1105561   0.555
   556    12050  1107553   0.556
   557    12050  1109545   0.557
   558    12050  1111537   0.558
   559    12050  1113529   0.559
   560    12050  1115521   0.560
   561    12050  1117513   0.561
   562    12050  1119505   0.562
   563    12050  1121497   0.563
   564    12050  1123489   0.564
   565    12050  1125481   0.565
   566    12050  1127473   0.566
   567    12050  1129465   0.567
   568    12050  1131457   0.568
   569    12050  1133449   0.569
   570    12050  1135441   0.570
   571    12050  1137433   0.571
   572    12050  1139425   0.572
   573    12050  1141417   0.573
   574    12050  1143409   0.574
   575    12050  1145401   0.575
   576    12050  1147393   0.576
   577    12050  1149385   0.577
   578    12050  1151377   0.578
   579    12050  1153369   0.579
   580    12050  1155361   0.580
   581    12050  1157353   0.581
   582    12050  1159345   0.582
   583    12050  1161337   0.583
   584    12050  1163329   0.584
   585    12050  1165321   0.585
   586    12050  1167313   0.586
   587    12050  1169305   0.587
   588    12050  1171297   0.588
   589    12050  1173289   0.589
   590    12050  1175281   0.590
   591    12050  1177273   0.591
   592    12050  1179265   0.592
   593    12050  1181257   0.593
   594    12050  1183249   0.594
   595    12050  1185241   0.595
   596    12050  1187233   0.596
   597    12050  1189225   0.597
   598    12050  1191217   0.598
   599    12050  1193209   0.599
   600    12050  1195201   0.600
   601    12050  1197193   0.601
   602    12050  1199185   0.602
   603    12050  1201177   0.603
   604    12050  1203169   0.604
   605    12050  1205161   0.605
   606    12050  1207153   0.606
   607    12050  1209145   0.607
   608    12050  1211137   0.608
   609    12050  1213129   0.609
   610    12050  1215121   0.610
   611    12050  1217113   0.611
   612    12050  1219105   0.612
   613    12050  1221097   0.613
   614    12050  1223089   0.614
   615    12050  1225081   0.615
   616    12050  1227073   0.616
   617    12050  1229065   0.617
   618    12050  1231057   0.618
   619    12050  1233049   0.619
   620    12050  1235041   0.620
   621    12050  1237033   0.621
   622    12050  1239025   0.622
   623    12050  1241017   0.623
   624    12050  1243009   0.624
   625    12050  1245001   0.625
   626    12050  1246993   0.626
   627    12050  1248985   0.627
   628    12050  1250977   0.628
   629    12050  1252969   0.629
   630    12050  1254961   0.630
   631    12050  1256953   0.631
   632    12050  1258945   0.632
   633    12050  1260937   0.633
   634    12050  1262929   0.634
   635    12050  1264921   0.635
   636    12050  1266913   0.636
   637    12050  1268905   0.637
   638    12050  1270897   0.638
   639    12050  1272889   0.639
   640    12050  1274881   0.640
   641    12050  1276873   0.641
   642    12050  1278865   0.642
   643    12050  1280857   0.643
   644    12050  1282849   0.644
   645    12050  1284841   0.645
   646    12050  1286833   0.646
   647    12050  1288825   0.647
   648    12050  1290817   0.648
   649    12050  1292809   0.649
   650    12050  1294801   0.650
   651    12050  1296793   0.651
   652    12050  1298785   0.652
   653    12050  1300777   0.653
   654    12050  1302769   0.654
   655    12050  1304761   0.655
   656    12050  1306753   0.656
   657    12050  1308745   0.657
   658    12050  1310737   0.658
   659    12050  1312729   0.659
   660    12050  1314721   0.660
   661    12050  1316713   0.661
   662    12050  1318705   0.662
   663    12050  1320697   0.663
   664    12050  1322689   0.664
   665    12050  1324681   0.665
   666    12050  1326673   0.666
   667    12050  1328665   0.667
   668    12050  1330657   0.668
   669    12050  1332649   0.669
   670    12050  1334641   0.670
   671    12050  1336633   0.671
   672    12050  1338625   0.672
   673    12050  1340617   0.673
   674    12050  1342609   0.674
   675    12050  1344601   0.675
   676    12050  1346593   0.676
   677    12050  1348585   0.677
   678    12050  1350577   0.678
   679    12050  1352569   0.679
   680    12050  1354561   0.680
   681    12050  1356553   0.681
   682    12050  1358545   0.682
   683    12050  1360537   0.683
   684    12050  1362529   0.684
   685    12050  1364521   0.685
   686    12050  1366513   0.686
   687    12050  1368505   0.687
   688    12050  1370497   0.688
   689    12050  1372489   0.689
   690    12050  1374481   0.690
   691    12050  1376473   0.691
   692    12050  1378465   0.692
   693    12050  1380457   0.693
   694    12050  1382449   0.694
   695    12050  1384441   0.695
   696    12050  1386433   0.696
   697    12050  1388425   0.697
   698    12050  1390417   0.698
   699    12050  1392409   0.699
   700    12050  1394401   0.700
   701    12050  1396393   0.701
   702    12050  1398385   0.702
   703    12050  1400377   0.703
   704    12050  1402369   0.704
   705    12050  1404361   0.705
   706    12050  1406353   0.706
   707    12050  1408345   0.707
   708    12050  1410337   0.708
   709    12050  1412329   0.709
   710    12050  1414321   0.710
   711    12050  1416313   0.711
   712    12050  1418305   0.712
   713    12050  1420297   0.713
   714    12050  1422289   0.714
   715    12050  1424281   0.715
   716    12050  1426273   0.716
   717    12050  1428265   0.717
   718    12050  1430257   0.718
   719    12050  1432249   0.719
   720    12050  1434241   0.720
   721    12050  1436233   0.721
   722    12050  1438225   0.722
   723    12050  1440217   0.723
   724    12050  1442209   0.724
   725    12050  1444201   0.725
   726    12050  1446193   0.726
   727    12050  1448185   0.727
   728    12050  1450177   0.728
   729    12050  1452169   0.729
   730    12050  1454161   0.730
   731    12050  1456153   0.731
   732    12050  1458145   0.732
   733    12050  1460137   0.733
   734    12050  1462129   0.734
   735    12050  1464121   0.735
   736    12050  1466113   0.736
   737    12050  1468105   0.737
   738    12050  1470097   0.738
   739    12050  1472089   0.739
   740    12050  1474081   0.740
   741    12050  1476073   0.741
   742    12050  1478065   0.742
   743    12050  1480057   0.743
   744    12050  1482049   0.744
   745    12050  1484041   0.745
   746    12050  1486033   0.746
   747    12050  1488025   0.747
   748    12050  1490017   0.748
   749    12050  1492009   0.749
   750    12050  1494001   0.750
   751    12050  1495993   0.751
   752    12050  1497985   0.752
   753    12050  1499977   0.753
   754    12050  1501969   0.754
   755    12050  1503961   0.755
   756    12050  1505953   0.756
   757    12050  1507945   0.757
   758    12050  1509937   0.758
   759    12050  1511929   0.759
   760    12050  1513921   0.760
   761    12050  1515913   0.761
   762    12050  1517905   0.762
   763    12050  1519897   0.763
   764    12050  1521889   0.764
   765    12050  1523881   0.765
   766    12050  1525873   0.766
   767    12050  1527865   0.767
   768    12050  1529857   0.768
   769    12050  1531849   0.769
   770    12050  1533841   0.770
   771    12050  1535833   0.771
   772    12050  1537825   0.772
   773    12050  1539817   0.773
   774    12050  1541809   0.774
   775    12050  1543801   0.775
   776    12050  1545793   0.776
   777    12050  1547785   0.777
   778    12050  1549777   0.778
   779    12050  1551769   0.779
   780    12050  1553761   0.780
   781    12050  1555753   0.781
   782    12050  1557745   0.782
   783    12050  1559737   0.783
   784    12050  1561729   0.784
   785    12050  1563721   0.785
   786    12050  1565713   0.786
   787    12050  1567705   0.787
   788    12050  1569697   0.788
   789    12050  1571689   0.789
   790    12050  1573681   0.790
   791    12050  1575673   0.791
   792    12050  1577665   0.792
   793    12050  1579657   0.793
   794    12050  1581649   0.794
   795    12050  1583641   0.795
   796    12050  1585633   0.796
   797    12050  1587625   0.797
   798    12050  1589617   0.798
   799    12050  1591609   0.799
   800    12050  1593601   0.800
   801    12050  1595593   0.801
   802    12050  1597585   0.802
   803    12050  1599577   0.803
   804    12050  1601569   0.804
   805    12050  1603561   0.805
   806    12050  1605553   0.806
   807    12050  1607545   0.807
   808    12050  1609537   0.808
   809    12050  1611529   0.809
   810    12050  1613521   0.810
   811    12050  1615513   0.811
   812    12050  1617505   0.812
   813    12050  1619497   0.813
   814    12050  1621489   0.814
   815    12050  1623481   0.815
   816    12050  1625473   0.816
   817    12050  1627465   0.817
   818    12050  1629457   0.818
   819    12050  1631449   0.819
   820    12050  1633441   0.820
   821    12050  1635433   0.821
   822    12050  1637425   0.822
   823    12050  1639417   0.823
   824    12050  1641409   0.824
   825    12050  1643401   0.825
   826    12050  1645393   0.826
   827    12050  1647385   0.827
   828    12050  1649377   0.828
   829    12050  1651369   0.829
   830    12050  1653361   0.830
   831    12050  1655353   0.831
   832    12050  1657345   0.832
   833    12050  1659337   0.833
   834    12050  1661329   0.834
   835    12050  1663321   0.835
   836    12050  1665313   0.836
   837    12050  1667305   0.837
   838    12050  1669297   0.838
   839    12050  1671289   0.839
   840    12050  1673281   0.840
   841    12050  1675273   0.841
   842    12050  1677265   0.842
   843    12050  1679257   0.843
   844    12050  1681249   0.844
   845    12050  1683241   0.845
   846    12050  1685233   0.846
   847    12050  1687225   0.847
   848    12050  1689217   0.848
   849    12050  1691209   0.849
   850    12050  1693201   0.850
   851    12050  1695193   0.851
   852    12050  1697185   0.852
   853    12050  1699177   0.853
   854    12050  1701169   0.854
   855    12050  1703161   0.855
   856    12050  1705153   0.856
   857    12050  1707145   0.857
   858    12050  1709137   0.858
   859    12050  1711129   0.859
   860    12050  1713121   0.860
   861    12050  1715113   0.861
   862    12050  1717105   0.862
   863    12050  1719097   0.863
   864    12050  1721089   0.864
   865    12050  1723081   0.865
   866    12050  1725073   0.866
   867    12050  1727065   0.867
   868    12050  1729057   0.868
   869    12050  1731049   0.869
   870    12050  1733041   0.870
   871    12050  1735033   0.871
   872    12050  1737025   0.872
   873    12050  1739017   0.873
   874    12050  1741009   0.874
   875    12050  1743001   0.875
   876    12050  1744993   0.876
   877    12050  1746985   0.877
   878    12050  1748977   0.878
   879    12050  1750969   0.879
   880    12050  1752961   0.880
   881    12050  1754953   0.881
   882    12050  1756945   0.882
   883    12050  1758937   0.883
   884    12050  1760929   0.884
   885    12050  1762921   0.885
   886    12050  1764913   0.886
   887    12050  1766905   0.887
   888    12050  1768897   0.888
   889    12050  1770889   0.889
   890    12050  1772881   0.890
   891    12050  1774873   0.891
   892    12050  1776865   0.892
   893    12050  1778857   0.893
   894    12050  1780849   0.894
   895    12050  1782841   0.895
   896    12050  1784833   0.896
   897    12050  1786825   0.897
   898    12050  1788817   0.898
   899    12050  1790809   0.899
   900    12050  1792801   0.900
   901    12050  1794793   0.901
   902    12050  1796785   0.902
   903    12050  1798777   0.903
   904    12050  1800769   0.904
   905    12050  1802761   0.905
   906    12050  1804753   0.906
   907    12050  1806745   0.907
   908    12050  1808737   0.908
   909    12050  1810729   0.909
   910    12050  1812721   0.910
   911    12050  1814713   0.911
   912    12050  1816705   0.912
   913    12050  1818697   0.913
   914    12050  1820689   0.914
   915    12050  1822681   0.915
   916    12050  1824673   0.916
   917    12050  1826665   0.917
   918    12050  1828657   0.918
   919    12050  1830649   0.919
   920    12050  1832641   0.920
   921    12050  1834633   0.921
   922    12050  1836625   0.922
   923    12050  1838617   0.923
   924    12050  1840609   0.924
   925    12050  1842601   0.925
   926    12050  1844593   0.926
   927    12050  1846585   0.927
   928    12050  1848577   0.928
   929    12050  1850569   0.929
   930    12050  1852561   0.930
   931    12050  1854553   0.931
   932    12050  1856545   0.932
   933    12050  1858537   0.933
   934    12050  1860529   0.934
   935    12050  1862521   0.935
   936    12050  1864513   0.936
   937    12050  1866505   0.937
   938    12050  1868497   0.938
   939    12050  1870489   0.939
   940    12050  1872481   0.940
   941    12050  1874473   0.941
   942    12050  1876465   0.942
   943    12050  1878457   0.943
   944    12050  1880449   0.944
   945    12050  1882441   0.945
   946    12050  1884433   0.946
   947    12050  1886425   0.947
   948    12050  1888417   0.948
   949    12050  1890409   0.949
   950    12050  1892401   0.950
   951    12050  1894393   0.951
   952    12050  1896385   0.952
   953    12050  1898377   0.953
   954    12050  1900369   0.954
   955    12050  1902361   0.955
   956    12050  1904353   0.956
   957    12050  1906345   0.957
   958    12050  1908337   0.958
   959    12050  1910329   0.959
   960    12050  1912321   0.960
   961    12050  1914313   0.961
   962    12050  1916305   0.962
   963    12050  1918297   0.963
   964    12050  1920289   0.964
   965    12050  1922281   0.965
   966    12050  1924273   0.966
   967    12050  1926265   0.967
   968    12050  1928257   0.968
   969    12050  1930249   0.969
   970    12050  1932241   0.970
   971    12050  1934233   0.971
   972    12050  1936225   0.972
   973    12050  1938217   0.973
   974    12050  1940209   0.974
   975    12050  1942201   0.975
   976    12050  1944193   0.976
   977    12050  1946185   0.977
   978    12050  1948177   0.978
   979    12050  1950169   0.979
   980    12050  1952161   0.980
   981    12050  1954153   0.981
   982    12050  1956145   0.982
   983    12050  1958137   0.983
   984    12050  1960129   0.984
   985    12050  1962121   0.985
   986    12050  1964113   0.986
   987    12050  1966105   0.987
   988    12050  1968097   0.988
   989    12050  1970089   0.989
   990    12050  1972081   0.990
   991    12050  1974073   0.991
   992    12050  1976065   0.992
   993    12050  1978057   0.993
   994    12050  1980049   0.994
   995    12050  1982041   0.995
   996    12050  1984033   0.996
   997    12050  1986025   0.997
   998    12050  1988017   0.998
   999    12050  1990009   0.999
  1000    12050  1992001   1.000
  1001    12050  1993993   1.001
  1002    12050  1995985   1.002
  1003    12050  1997977   1.003
  1004    12050  1999969   1.004
  1005    12050  2001961   1.005
  1006    12050  2003953   1.006
  1007    12050  2005945   1.007
  1008    12050  2007937   1.008
  1009    12050  2009929   1.009
  1010    12050  2011921   1.010
  1011    12050  2013913   1.011
  1012    12050  2015905   1.012
  1013    12050  2017897   1.013
  1014    12050  2019889   1.014
  1015    12050  2021881   1.015
  1016    12050  2023873   1.016
  1017    12050  2025865   1.017
  1018    12050  2027857   1.018
  1019    12050  2029849   1.019
  1020    12050  2031841   1.020
  1021    12050  2033833   1.021
  1022    12050  2035825   1.022
  1023    12050  2037817   1.023
  1024    12050  2039809   1.024
  1025    12050  2041801   1.025
  1026    12050  2043793   1.026
  1027    12050  2045785   1.027
  1028    12050  2047777   1.028
  1029    12050  2049769   1.029
  1030    12050  2051761   1.030
  1031    12050  2053753   1.031
  1032    12050  2055745   1.032
  1033    12050  2057737   1.033
  1034    12050  2059729   1.034
  1035    12050  2061721   1.035
  1036    12050  2063713   1.036
  1037    12050  2065705   1.037
  1038    12050  2067697   1.038
  1039    12050  2069689   1.040
  1040    12050  2071681   1.041
  1041    12050  2073673   1.042
  1042    12050  2075665   1.043
  1043    12050  2077657   1.044
  1044    12050  2079649   1.045
  1045    12050  2081641   1.046
  1046    12050  2083633   1.047
  1047    12050  2085625   1.048
  1048    12050  2087617   1.049
  1049    12050  2089609   1.050
  1050    12050  2091601   1.051
  1051    12050  2093593   1.052
  1052    12050  2095585   1.053
  1053    12050  2097577   1.054
  1054    12050  2099569   1.055
  1055    12050  2101561   1.056
  1056    12050  2103553   1.057
  1057    12050  2105545   1.058
  1058    12050  2107537   1.059
  1059    12050  2109529   1.060
  1060    12050  2111521   1.061
  1061    12050  2113513   1.062
  1062    12050  2115505   1.063
  1063    12050  2117497   1.064
  1064    12050  2119489   1.065
  1065    12050  2121481   1.066
  1066    12050  2123473   1.067
  1067    12050  2125465   1.068
  1068    12050  2127457   1.069
  1069    12050  2129449   1.070
  1070    12050  2131441   1.071
  1071    12050  2133433   1.072
  1072    12050  2135425   1.073
  1073    12050  2137417   1.074
  1074    12050  2139409   1.075
  1075    12050  2141401   1.076
  1076    12050  2143393   1.077
  1077    12050  2145385   1.078
  1078    12050  2147377   1.079
  1079    12050  2149369   1.080
  1080    12050  2151361   1.081
  1081    12050  2153353   1.082
  1082    12050  2155345   1.083
  1083    12050  2157337   1.084
  1084    12050  2159329   1.085
  1085    12050  2161321   1.086
  1086    12050  2163313   1.087
  1087    12050  2165305   1.088
  1088    12050  2167297   1.089
  1089    12050  2169289   1.090
  1090    12050  2171281   1.091
  1091    12050  2173273   1.092
  1092    12050  2175265   1.093
  1093    12050  2177257   1.094
  1094    12050  2179249   1.095
  1095    12050  2181241   1.096
  1096    12050  2183233   1.097
  1097    12050  2185225   1.098
  1098    12050  2187217   1.099
  1099    12050  2189209   1.100
  1100    12050  2191201   1.101
  1101    12050  2193193   1.102
  1102    12050  2195185   1.103
  1103    12050  2197177   1.104
  1104    12050  2199169   1.105
  1105    12050  2201161   1.106
  1106    12050  2203153   1.107
  1107    12050  2205145   1.108
  1108    12050  2207137   1.109
  1109    12050  2209129   1.110
  1110    12050  2211121   1.111
  1111    12050  2213113   1.112
  1112    12050  2215105   1.113
  1113    12050  2217097   1.114
  1114    12050  2219089   1.115
  1115    12050  2221081   1.116
  1116    12050  2223073   1.117
  1117    12050  2225065   1.118
  1118    12050  2227057   1.119
  1119    12050  2229049   1.120
  1120    12050  2231041   1.121
  1121    12050  2233033   1.122
  1122    12050  2235025   1.123
  1123    12050  2237017   1.124
  1124    12050  2239009   1.125
  1125    12050  2241001   1.126
  1126    12050  2242993   1.127
  1127    12050  2244985   1.128
  1128    12050  2246977   1.129
  1129    12050  2248969   1.130
  1130    12050  2250961   1.131
  1131    12050  2252953   1.132
  1132    12050  2254945   1.133
  1133    12050  2256937   1.134
  1134    12050  2258929   1.135
  1135    12050  2260921   1.136
  1136    12050  2262913   1.137
  1137    12050  2264905   1.138
  1138    12050  2266897   1.139
  1139    12050  2268889   1.140
  1140    12050  2270881   1.141
  1141    12050  2272873   1.142
  1142    12050  2274865   1.143
  1143    12050  2276857   1.144
  1144    12050  2278849   1.145
  1145    12050  2280841   1.146
  1146    12050  2282833   1.147
  1147    12050  2284825   1.148
  1148    12050  2286817   1.149
  1149    12050  2288809   1.150
  1150    12050  2290801   1.151
  1151    12050  2292793   1.152
  1152    12050  2294785   1.153
  1153    12050  2296777   1.154
  1154    12050  2298769   1.155
  1155    12050  2300761   1.156
  1156    12050  2302753   1.157
  1157    12050  2304745   1.158
  1158    12050  2306737   1.159
  1159    12050  2308729   1.160
  1160    12050  2310721   1.161
  1161    12050  2312713   1.162
  1162    12050  2314705   1.163
  1163    12050  2316697   1.164
  1164    12050  2318689   1.165
  1165    12050  2320681   1.166
  1166    12050  2322673   1.167
  1167    12050  2324665   1.168
  1168    12050  2326657   1.169
  1169    12050  2328649   1.170
  1170    12050  2330641   1.171
  1171    12050  2332633   1.172
  1172    12050  2334625   1.173
  1173    12050  2336617   1.174
  1174    12050  2338609   1.175
  1175    12050  2340601   1.176
  1176    12050  2342593   1.177
  1177    12050  2344585   1.178
  1178    12050  2346577   1.179
  1179    12050  2348569   1.180
  1180    12050  2350561   1.181
  1181    12050  2352553   1.182
  1182    12050  2354545   1.183
  1183    12050  2356537   1.184
  1184    12050  2358529   1.185
  1185    12050  2360521   1.186
  1186    12050  2362513   1.187
  1187    12050  2364505   1.188
  1188    12050  2366497   1.189
  1189    12050  2368489   1.190
  1190    12050  2370481   1.191
  1191    12050  2372473   1.192
  1192    12050  2374465   1.193
  1193    12050  2376457   1.194
  1194    12050  2378449   1.195
  1195    12050  2380441   1.196
  1196    12050  2382433   1.197
  1197    12050  2384425   1.198
  1198    12050  2386417   1.199
  1199    12050  2388409   1.200
  1200    12050  2390401   1.201
  1201    12050  2392393   1.202
  1202    12050  2394385   1.203
  1203    12050  2396377   1.204
  1204    12050  2398369   1.205
  1205    12050  2400361   1.206
  1206    12050  2402353   1.207
  1207    12050  2404345   1.208
  1208    12050  2406337   1.209
  1209    12050  2408329   1.210
  1210    12050  2410321   1.211
  1211    12050  2412313   1.212
  1212    12050  2414305   1.213
  1213    12050  2416297   1.214
  1214    12050  2418289   1.215
  1215    12050  2420281   1.216
  1216    12050  2422273   1.217
  1217    12050  2424265   1.218
  1218    12050  2426257   1.219
  1219    12050  2428249   1.220
  1220    12050  2430241   1.221
  1221    12050  2432233   1.222
  1222    12050  2434225   1.223
  1223    12050  2436217   1.224
  1224    12050  2438209   1.225
  1225    12050  2440201   1.226
  1226    12050  2442193   1.227
  1227    12050  2444185   1.228
  1228    12050  2446177   1.229
  1229    12050  2448169   1.230
  1230    12050  2450161   1.231
  1231    12050  2452153   1.232
  1232    12050  2454145   1.233
  1233    12050  2456137   1.234
  1234    12050  2458129   1.235
  1235    12050  2460121   1.236
  1236    12050  2462113   1.237
  1237    12050  2464105   1.238
  1238    12050  2466097   1.239
  1239    12050  2468089   1.240
  1240    12050  2470081   1.241
  1241    12050  2472073   1.242
  1242    12050  2474065   1.243
  1243    12050  2476057   1.244
  1244    12050  2478049   1.245
  1245    12050  2480041   1.246
  1246    12050  2482033   1.247
  1247    12050  2484025   1.248
  1248    12050  2486017   1.249
  1249    12050  2488009   1.250
  1250    12050  2490001   1.251
  1251    12050  2491993   1.252
  1252    12050  2493985   1.253
  1253    12050  2495977   1.254
  1254    12050  2497969   1.255
  1255    12050  2499961   1.256
  1256    12050  2501953   1.257
  1257    12050  2503945   1.258
  1258    12050  2505937   1.259
  1259    12050  2507929   1.260
  1260    12050  2509921   1.261
  1261    12050  2511913   1.262
  1262    12050  2513905   1.263
  1263    12050  2515897   1.264
  1264    12050  2517889   1.265
  1265    12050  2519881   1.266
  1266    12050  2521873   1.267
  1267    12050  2523865   1.268
  1268    12050  2525857   1.269
  1269    12050  2527849   1.270
  1270    12050  2529841   1.271
  1271    12050  2531833   1.272
  1272    12050  2533825   1.273
  1273    12050  2535817   1.274
  1274    12050  2537809   1.275
  1275    12050  2539801   1.276
  1276    12050  2541793   1.277
  1277    12050  2543785   1.278
  1278    12050  2545777   1.279
  1279    12050  2547769   1.280
  1280    12050  2549761   1.281
  1281    12050  2551753   1.282
  1282    12050  2553745   1.283
  1283    12050  2555737   1.284
  1284    12050  2557729   1.285
  1285    12050  2559721   1.286
  1286    12050  2561713   1.287
  1287    12050  2563705   1.288
  1288    12050  2565697   1.289
  1289    12050  2567689   1.290
  1290    12050  2569681   1.291
  1291    12050  2571673   1.292
  1292    12050  2573665   1.293
  1293    12050  2575657   1.294
  1294    12050  2577649   1.295
  1295    12050  2579641   1.296
  1296    12050  2581633   1.297
  1297    12050  2583625   1.298
  1298    12050  2585617   1.299
  1299    12050  2587609   1.300
  1300    12050  2589601   1.301
  1301    12050  2591593   1.302
  1302    12050  2593585   1.303
  1303    12050  2595577   1.304
  1304    12050  2597569   1.305
  1305    12050  2599561   1.306
  1306    12050  2601553   1.307
  1307    12050  2603545   1.308
  1308    12050  2605537   1.309
  1309    12050  2607529   1.310
  1310    12050  2609521   1.311
  1311    12050  2611513   1.312
  1312    12050  2613505   1.313
  1313    12050  2615497   1.314
  1314    12050  2617489   1.315
  1315    12050  2619481   1.316
  1316    12050  2621473   1.317
  1317    12050  2623465   1.318
  1318    12050  2625457   1.319
  1319    12050  2627449   1.320
  1320    12050  2629441   1.321
  1321    12050  2631433   1.322
  1322    12050  2633425   1.323
  1323    12050  2635417   1.324
  1324    12050  2637409   1.325
  1325    12050  2639401   1.326
  1326    12050  2641393   1.327
  1327    12050  2643385   1.328
  1328    12050  2645377   1.329
  1329    12050  2647369   1.330
  1330    12050  2649361   1.331
  1331    12050  2651353   1.332
  1332    12050  2653345   1.333
  1333    12050  2655337   1.334
  1334    12050  2657329   1.335
  1335    12050  2659321   1.336
  1336    12050  2661313   1.337
  1337    12050  2663305   1.338
  1338    12050  2665297   1.339
  1339    12050  2667289   1.340
  1340    12050  2669281   1.341
  1341    12050  2671273   1.342
  1342    12050  2673265   1.343
  1343    12050  2675257   1.344
  1344    12050  2677249   1.345
  1345    12050  2679241   1.346
  1346    12050  2681233   1.347
  1347    12050  2683225   1.348
  1348    12050  2685217   1.349
  1349    12050  2687209   1.350
  1350    12050  2689201   1.351
  1351    12050  2691193   1.352
  1352    12050  2693185   1.353
  1353    12050  2695177   1.354
  1354    12050  2697169   1.355
  1355    12050  2699161   1.356
  1356    12050  2701153   1.357
  1357    12050  2703145   1.358
  1358    12050  2705137   1.359
  1359    12050  2707129   1.360
  1360    12050  2709121   1.361
  1361    12050  2711113   1.362
  1362    12050  2713105   1.363
  1363    12050  2715097   1.364
  1364    12050  2717089   1.365
  1365    12050  2719081   1.366
  1366    12050  2721073   1.367
  1367    12050  2723065   1.368
  1368    12050  2725057   1.369
  1369    12050  2727049   1.370
  1370    12050  2729041   1.371
  1371    12050  2731033   1.372
  1372    12050  2733025   1.373
  1373    12050  2735017   1.374
  1374    12050  2737009   1.375
  1375    12050  2739001   1.376
  1376    12050  2740993   1.377
  1377    12050  2742985   1.378
  1378    12050  2744977   1.379
  1379    12050  2746969   1.380
  1380    12050  2748961   1.381
  1381    12050  2750953   1.382
  1382    12050  2752945   1.383
  1383    12050  2754937   1.384
  1384    12050  2756929   1.385
  1385    12050  2758921   1.386
  1386    12050  2760913   1.387
  1387    12050  2762905   1.388
  1388    12050  2764897   1.389
  1389    12050  2766889   1.390
  1390    12050  2768881   1.391
  1391    12050  2770873   1.392
  1392    12050  2772865   1.393
  1393    12050  2774857   1.394
  1394    12050  2776849   1.395
  1395    12050  2778841   1.396
  1396    12050  2780833   1.397
  1397    12050  2782825   1.398
  1398    12050  2784817   1.399
  1399    12050  2786809   1.400
  1400    12050  2788801   1.401
  1401    12050  2790793   1.402
  1402    12050  2792785   1.403
  1403    12050  2794777   1.404
  1404    12050  2796769   1.405
  1405    12050  2798761   1.406
  1406    12050  2800753   1.407
  1407    12050  2802745   1.408
  1408    12050  2804737   1.409
  1409    12050  2806729   1.410
  1410    12050  2808721   1.411
  1411    12050  2810713   1.412
  1412    12050  2812705   1.413
  1413    12050  2814697   1.414
  1414    12050  2816689   1.415
  1415    12050  2818681   1.416
  1416    12050  2820673   1.417
  1417    12050  2822665   1.418
  1418    12050  2824657   1.419
  1419    12050  2826649   1.420
  1420    12050  2828641   1.421
  1421    12050  2830633   1.422
  1422    12050  2832625   1.423
  1423    12050  2834617   1.424
  1424    12050  2836609   1.425
  1425    12050  2838601   1.426
  1426    12050  2840593   1.427
  1427    12050  2842585   1.428
  1428    12050  2844577   1.429
  1429    12050  2846569   1.430
  1430    12050  2848561   1.431
  1431    12050  2850553   1.432
  1432    12050  2852545   1.433
  1433    12050  2854537   1.434
  1434    12050  2856529   1.435
  1435    12050  2858521   1.436
  1436    12050  2860513   1.437
  1437    12050  2862505   1.438
  1438    12050  2864497   1.439
  1439    12050  2866489   1.440
  1440    12050  2868481   1.441
  1441    12050  2870473   1.442
  1442    12050  2872465   1.443
  1443    12050  2874457   1.444
  1444    12050  2876449   1.445
  1445    12050  2878441   1.446
  1446    12050  2880433   1.447
  1447    12050  2882425   1.448
  1448    12050  2884417   1.449
  1449    12050  2886409   1.450
  1450    12050  2888401   1.451
  1451    12050  2890393   1.452
  1452    12050  2892385   1.453
  1453    12050  2894377   1.454
  1454    12050  2896369   1.455
  1455    12050  2898361   1.456
  1456    12050  2900353   1.457
  1457    12050  2902345   1.458
  1458    12050  2904337   1.459
  1459    12050  2906329   1.460
  1460    12050  2908321   1.461
  1461    12050  2910313   1.462
  1462    12050  2912305   1.463
  1463    12050  2914297   1.464
  1464    12050  2916289   1.465
  1465    12050  2918281   1.466
  1466    12050  2920273   1.467
  1467    12050  2922265   1.468
  1468    12050  2924257   1.469
  1469    12050  2926249   1.470
  1470    12050  2928241   1.471
  1471    12050  2930233   1.472
  1472    12050  2932225   1.473
  1473    12050  2934217   1.474
  1474    12050  2936209   1.475
  1475    12050  2938201   1.476
  1476    12050  2940193   1.477
  1477    12050  2942185   1.478
  1478    12050  2944177   1.479
  1479    12050  2946169   1.480
  1480    12050  2948161   1.481
  1481    12050  2950153   1.482
  1482    12050  2952145   1.483
  1483    12050  2954137   1.484
  1484    12050  2956129   1.485
  1485    12050  2958121   1.486
  1486    12050  2960113   1.487
  1487    12050  2962105   1.488
  1488    12050  2964097   1.489
  1489    12050  2966089   1.490
  1490    12050  2968081   1.491
  1491    12050  2970073   1.492
  1492    12050  2972065   1.493
  1493    12050  2974057   1.494
  1494    12050  2976049   1.495
  1495    12050  2978041   1.496
  1496    12050  2980033   1.497
  1497    12050  2982025   1.498
  1498    12050  2984017   1.499
  1499    12050  2986009   1.500
  1500    12050  2988001   1.501
  1501    12050  2989993   1.502
  1502    12050  2991985   1.503
  1503    12050  2993977   1.504
  1504    12050  2995969   1.505
  1505    12050  2997961   1.506
  1506    12050  2999953   1.507
  1507    12050  3001945   1.508
  1508    12050  3003937   1.509
  1509    12050  3005929   1.510
  1510    12050  3007921   1.511
  1511    12050  3009913   1.512
  1512    12050  3011905   1.513
  1513    12050  3013897   1.514
  1514    12050  3015889   1.515
  1515    12050  3017881   1.516
  1516    12050  3019873   1.517
  1517    12050  3021865   1.518
  1518    12050  3023857   1.519
  1519    12050  3025849   1.520
  1520    12050  3027841   1.521
  1521    12050  3029833   1.522
  1522    12050  3031825   1.523
  1523    12050  3033817   1.524
  1524    12050  3035809   1.525
  1525    12050  3037801   1.526
  1526    12050  3039793   1.527
  1527    12050  3041785   1.528
  1528    12050  3043777   1.529
  1529    12050  3045769   1.530
  1530    12050  3047761   1.531
  1531    12050  3049753   1.532
  1532    12050  3051745   1.533
  1533    12050  3053737   1.534
  1534    12050  3055729   1.535
  1535    12050  3057721   1.536
  1536    12050  3059713   1.537
  1537    12050  3061705   1.538
  1538    12050  3063697   1.539
  1539    12050  3065689   1.540
  1540    12050  3067681   1.541
  1541    12050  3069673   1.542
  1542    12050  3071665   1.543
  1543    12050  3073657   1.544
  1544    12050  3075649   1.545
  1545    12050  3077641   1.546
  1546    12050  3079633   1.547
  1547    12050  3081625   1.548
  1548    12050  3083617   1.549
  1549    12050  3085609   1.550
  1550    12050  3087601   1.551
  1551    12050  3089593   1.552
  1552    12050  3091585   1.553
  1553    12050  3093577   1.554
  1554    12050  3095569   1.555
  1555    12050  3097561   1.556
  1556    12050  3099553   1.557
  1557    12050  3101545   1.558
  1558    12050  3103537   1.559
  1559    12050  3105529   1.560
  1560    12050  3107521   1.561
  1561    12050  3109513   1.562
  1562    12050  3111505   1.563
  1563    12050  3113497   1.564
  1564    12050  3115489   1.565
  1565    12050  3117481   1.566
  1566    12050  3119473   1.567
  1567    12050  3121465   1.568
  1568    12050  3123457   1.569
  1569    12050  3125449   1.570
  1570    12050  3127441   1.571
  1571    12050  3129433   1.572
  1572    12050  3131425   1.573
  1573    12050  3133417   1.574
  1574    12050  3135409   1.575
  1575    12050  3137401   1.576
  1576    12050  3139393   1.577
  1577    12050  3141385   1.578
  1578    12050  3143377   1.579
  1579    12050  3145369   1.580
  1580    12050  3147361   1.581
  1581    12050  3149353   1.582
  1582    12050  3151345   1.583
  1583    12050  3153337   1.584
  1584    12050  3155329   1.585
  1585    12050  3157321   1.586
  1586    12050  3159313   1.587
  1587    12050  3161305   1.588
  1588    12050  3163297   1.589
  1589    12050  3165289   1.590
  1590    12050  3167281   1.591
  1591    12050  3169273   1.592
  1592    12050  3171265   1.593
  1593    12050  3173257   1.594
  1594    12050  3175249   1.595
  1595    12050  3177241   1.596
  1596    12050  3179233   1.597
  1597    12050  3181225   1.598
  1598    12050  3183217   1.599
  1599    12050  3185209   1.600
  1600    12050  3187201   1.601
  1601    12050  3189193   1.602
  1602    12050  3191185   1.603
  1603    12050  3193177   1.604
  1604    12050  3195169   1.605
  1605    12050  3197161   1.606
  1606    12050  3199153   1.607
  1607    12050  3201145   1.608
  1608    12050  3203137   1.609
  1609    12050  3205129   1.610
  1610    12050  3207121   1.611
  1611    12050  3209113   1.612
  1612    12050  3211105   1.613
  1613    12050  3213097   1.614
  1614    12050  3215089   1.615
  1615    12050  3217081   1.616
  1616    12050  3219073   1.617
  1617    12050  3221065   1.618
  1618    12050  3223057   1.619
  1619    12050  3225049   1.620
  1620    12050  3227041   1.621
  1621    12050  3229033   1.622
  1622    12050  3231025   1.623
  1623    12050  3233017   1.624
  1624    12050  3235009   1.625
  1625    12050  3237001   1.626
  1626    12050  3238993   1.627
  1627    12050  3240985   1.628
  1628    12050  3242977   1.629
  1629    12050  3244969   1.630
  1630    12050  3246961   1.631
  1631    12050  3248953   1.632
  1632    12050  3250945   1.633
  1633    12050  3252937   1.634
  1634    12050  3254929   1.635
  1635    12050  3256921   1.636
  1636    12050  3258913   1.637
  1637    12050  3260905   1.638
  1638    12050  3262897   1.639
  1639    12050  3264889   1.640
  1640    12050  3266881   1.641
  1641    12050  3268873   1.642
  1642    12050  3270865   1.643
  1643    12050  3272857   1.644
  1644    12050  3274849   1.645
  1645    12050  3276841   1.646
  1646    12050  3278833   1.647
  1647    12050  3280825   1.648
  1648    12050  3282817   1.649
  1649    12050  3284809   1.650
  1650    12050  3286801   1.651
  1651    12050  3288793   1.652
  1652    12050  3290785   1.653
  1653    12050  3292777   1.654
  1654    12050  3294769   1.655
  1655    12050  3296761   1.656
  1656    12050  3298753   1.657
  1657    12050  3300745   1.658
  1658    12050  3302737   1.659
  1659    12050  3304729   1.660
  1660    12050  3306721   1.661
  1661    12050  3308713   1.662
  1662    12050  3310705   1.663
  1663    12050  3312697   1.664
  1664    12050  3314689   1.665
  1665    12050  3316681   1.666
  1666    12050  3318673   1.667
  1667    12050  3320665   1.668
  1668    12050  3322657   1.669
  1669    12050  3324649   1.670
  1670    12050  3326641   1.671
  1671    12050  3328633   1.672
  1672    12050  3330625   1.673
  1673    12050  3332617   1.674
  1674    12050  3334609   1.675
  1675    12050  3336601   1.676
  1676    12050  3338593   1.677
  1677    12050  3340585   1.678
  1678    12050  3342577   1.679
  1679    12050  3344569   1.680
  1680    12050  3346561   1.681
  1681    12050  3348553   1.682
  1682    12050  3350545   1.683
  1683    12050  3352537   1.684
  1684    12050  3354529   1.685
  1685    12050  3356521   1.686
  1686    12050  3358513   1.687
  1687    12050  3360505   1.688
  1688    12050  3362497   1.689
  1689    12050  3364489   1.690
  1690    12050  3366481   1.691
  1691    12050  3368473   1.692
  1692    12050  3370465   1.693
  1693    12050  3372457   1.694
  1694    12050  3374449   1.695
  1695    12050  3376441   1.696
  1696    12050  3378433   1.697
  1697    12050  3380425   1.698
  1698    12050  3382417   1.699
  1699    12050  3384409   1.700
  1700    12050  3386401   1.701
  1701    12050  3388393   1.702
  1702    12050  3390385   1.703
  1703    12050  3392377   1.704
  1704    12050  3394369   1.705
  1705    12050  3396361   1.706
  1706    12050  3398353   1.707
  1707    12050  3400345   1.708
  1708    12050  3402337   1.709
  1709    12050  3404329   1.710
  1710    12050  3406321   1.711
  1711    12050  3408313   1.712
  1712    12050  3410305   1.713
  1713    12050  3412297   1.714
  1714    12050  3414289   1.715
  1715    12050  3416281   1.716
  1716    12050  3418273   1.717
  1717    12050  3420265   1.718
  1718    12050  3422257   1.719
  1719    12050  3424249   1.720
  1720    12050  3426241   1.721
  1721    12050  3428233   1.722
  1722    12050  3430225   1.723
  1723    12050  3432217   1.724
  1724    12050  3434209   1.725
  1725    12050  3436201   1.726
  1726    12050  3438193   1.727
  1727    12050  3440185   1.728
  1728    12050  3442177   1.729
  1729    12050  3444169   1.730
  1730    12050  3446161   1.731
  1731    12050  3448153   1.732
  1732    12050  3450145   1.733
  1733    12050  3452137   1.734
  1734    12050  3454129   1.735
  1735    12050  3456121   1.736
  1736    12050  3458113   1.737
  1737    12050  3460105   1.738
  1738    12050  3462097   1.739
  1739    12050  3464089   1.740
  1740    12050  3466081   1.741
  1741    12050  3468073   1.742
  1742    12050  3470065   1.743
  1743    12050  3472057   1.744
  1744    12050  3474049   1.745
  1745    12050  3476041   1.746
