 0.000E+00 0.000E+00
 0.316E+12 0.147E+16
 0.631E+12 0.147E+16
 0.947E+12 0.147E+16
 0.126E+13 0.147E+16
 0.158E+13 0.147E+16
 0.189E+13 0.147E+16
 0.221E+13 0.147E+16
 0.252E+13 0.147E+16
 0.284E+13 0.147E+16
 0.316E+13 0.147E+16
 0.347E+13 0.147E+16
 0.379E+13 0.147E+16
 0.410E+13 0.147E+16
 0.442E+13 0.147E+16
 0.473E+13 0.147E+16
 0.505E+13 0.147E+16
 0.537E+13 0.147E+16
 0.568E+13 0.147E+16
 0.600E+13 0.147E+16
 0.631E+13 0.147E+16
 0.663E+13 0.147E+16
 0.694E+13 0.147E+16
 0.726E+13 0.147E+16
 0.757E+13 0.147E+16
 0.789E+13 0.147E+16
 0.821E+13 0.147E+16
 0.852E+13 0.147E+16
 0.884E+13 0.147E+16
 0.915E+13 0.147E+16
 0.947E+13 0.147E+16
 0.978E+13 0.147E+16
 0.101E+14 0.147E+16
 0.104E+14 0.147E+16
 0.107E+14 0.147E+16
 0.110E+14 0.147E+16
 0.114E+14 0.147E+16
 0.117E+14 0.147E+16
 0.120E+14 0.147E+16
 0.123E+14 0.147E+16
 0.126E+14 0.147E+16
 0.129E+14 0.147E+16
 0.133E+14 0.147E+16
 0.136E+14 0.147E+16
 0.139E+14 0.147E+16
 0.142E+14 0.148E+16
 0.145E+14 0.148E+16
 0.148E+14 0.148E+16
 0.151E+14 0.149E+16
 0.155E+14 0.149E+16
 0.158E+14 0.150E+16
 0.161E+14 0.151E+16
 0.164E+14 0.151E+16
 0.167E+14 0.153E+16
 0.170E+14 0.153E+16
 0.174E+14 0.155E+16
 0.177E+14 0.156E+16
 0.180E+14 0.156E+16
 0.183E+14 0.158E+16
 0.186E+14 0.159E+16
 0.189E+14 0.161E+16
 0.193E+14 0.163E+16
 0.196E+14 0.164E+16
 0.199E+14 0.166E+16
 0.202E+14 0.167E+16
 0.205E+14 0.170E+16
 0.208E+14 0.173E+16
 0.211E+14 0.173E+16
 0.215E+14 0.176E+16
 0.218E+14 0.176E+16
 0.221E+14 0.181E+16
 0.224E+14 0.184E+16
 0.227E+14 0.184E+16
 0.230E+14 0.187E+16
 0.234E+14 0.188E+16
 0.237E+14 0.193E+16
 0.240E+14 0.197E+16
 0.243E+14 0.197E+16
 0.246E+14 0.201E+16
 0.249E+14 0.201E+16
 0.252E+14 0.207E+16
 0.256E+14 0.212E+16
 0.259E+14 0.212E+16
 0.262E+14 0.215E+16
 0.265E+14 0.215E+16
 0.268E+14 0.223E+16
 0.271E+14 0.227E+16
 0.275E+14 0.227E+16
 0.278E+14 0.231E+16
 0.281E+14 0.231E+16
 0.284E+14 0.239E+16
 0.287E+14 0.244E+16
 0.290E+14 0.244E+16
 0.293E+14 0.247E+16
 0.297E+14 0.247E+16
 0.300E+14 0.257E+16
 0.303E+14 0.261E+16
 0.306E+14 0.261E+16
 0.309E+14 0.265E+16
 0.312E+14 0.265E+16
 0.316E+14 0.274E+16
 0.319E+14 0.279E+16
 0.322E+14 0.279E+16
 0.325E+14 0.284E+16
 0.328E+14 0.284E+16
 0.331E+14 0.294E+16
 0.335E+14 0.299E+16
 0.338E+14 0.299E+16
 0.341E+14 0.303E+16
 0.344E+14 0.303E+16
 0.347E+14 0.312E+16
 0.350E+14 0.318E+16
 0.353E+14 0.318E+16
 0.357E+14 0.321E+16
 0.360E+14 0.322E+16
 0.363E+14 0.332E+16
 0.366E+14 0.337E+16
 0.369E+14 0.337E+16
 0.372E+14 0.341E+16
 0.376E+14 0.341E+16
 0.379E+14 0.352E+16
 0.382E+14 0.357E+16
 0.385E+14 0.357E+16
 0.388E+14 0.360E+16
 0.391E+14 0.360E+16
 0.394E+14 0.371E+16
 0.398E+14 0.376E+16
 0.401E+14 0.376E+16
 0.404E+14 0.379E+16
 0.407E+14 0.379E+16
 0.410E+14 0.391E+16
 0.413E+14 0.396E+16
 0.417E+14 0.396E+16
 0.420E+14 0.400E+16
 0.423E+14 0.400E+16
 0.426E+14 0.411E+16
 0.429E+14 0.417E+16
 0.432E+14 0.417E+16
 0.436E+14 0.420E+16
 0.439E+14 0.420E+16
 0.442E+14 0.431E+16
 0.445E+14 0.436E+16
 0.448E+14 0.436E+16
 0.451E+14 0.440E+16
 0.454E+14 0.440E+16
 0.458E+14 0.452E+16
 0.461E+14 0.458E+16
 0.464E+14 0.458E+16
 0.467E+14 0.461E+16
 0.470E+14 0.462E+16
 0.473E+14 0.473E+16
 0.477E+14 0.479E+16
 0.480E+14 0.479E+16
 0.483E+14 0.483E+16
 0.486E+14 0.483E+16
 0.489E+14 0.494E+16
 0.492E+14 0.500E+16
 0.495E+14 0.500E+16
 0.499E+14 0.504E+16
 0.502E+14 0.504E+16
 0.505E+14 0.516E+16
 0.508E+14 0.522E+16
 0.511E+14 0.522E+16
 0.514E+14 0.525E+16
 0.518E+14 0.526E+16
 0.521E+14 0.537E+16
 0.524E+14 0.543E+16
 0.527E+14 0.543E+16
 0.530E+14 0.547E+16
 0.533E+14 0.547E+16
 0.537E+14 0.559E+16
 0.540E+14 0.564E+16
 0.543E+14 0.564E+16
 0.546E+14 0.568E+16
 0.549E+14 0.568E+16
